342
7
2

2
1
6


1
0
1
4
1
10362
0
0
0
0
100
0
0
26
4096
4096
32767
256
4096
2024
0
0
0
32767
4096
1
5
-72
-55
-45
-10
0
-72
-55
-45
-10
-10
50
400
0
-3
0
-90
0
100


1
0
1
4
1
10362
0
0
0
0
100
0
0
26
4096
4096
32767
256
4096
2024
0
0
0
32767
4096
1
5
-72
-55
-45
-10
0
-72
-55
-45
-10
-10
50
400
0
-3
0
-90
0
100


1
0
1
4
1
10362
0
0
0
0
100
0
0
26
4096
4096
32767
256
4096
2024
0
0
0
32767
4096
1
5
-72
-55
-45
-10
0
-72
-55
-45
-10
-10
50
400
0
-3
0
-90
0
100

// volume3
1
0
1
4
1
10362
0
0
0
0
100
0
0
26
4096
4096
32767
256
4096
2024
0
0
0
32767
4096
1
5
-72
-55
-45
-10
0
-72
-55
-45
-10
-10
50
400
0
-3
0
-90
0
100

// volume4
1
0
1
4       //15
1
10362
0
0
0
0
100
0
0
26
4096
4096
32767
256
4096
2024
0
0
0
32767
4096
1
5
-72
-55
-45
-10
0
-72
-55
-45
-10
-10
50
400
0
-3
0
-90
0
100

//Volume 5
1
0
1
4        //15
1
10362
0
0
0
0
100
0
0
26
4096
4096
32767
256
4096
2024
0
0
0
32767
4096
1
5
-72
-55
-45
-10
0
-90
-55
-45
-10
-10
50
400
0
-3
0
-90
0
100

1       //0
64      //64
3892
-369
-331
-292
-253
-214
-176
-141
-108
-78
-52
-29
-10
4
17
25
31
35
36
35
33
29
25
21
16
11
7
3
0
-2
-4
-6
-7
-8
-8
-8
-8
-8
-8
-7
-7
-6
-6
-5
-5
-5
-4
-4
-3
-3
-3
-2
-2
-1
-1
-1
0
0
0
0
0
0
0
0

