342
7
2

4
1
6


1
0
1
0
1
10362
0
0
0
1
250
0
0
26
4096
4096
32767
256
4096
2024
0
0
0
32767
4096
1
5
-60
-50
-20
-6
0
-78
-50
-20
-6
0
1000
50
0
0
0
-90
0
100


1
0
1
0
1
10362
0
0
0
0
100
0
0
26
4096
4096
32767
256
4096
2024
0
0
0
32767
4096
1
5
-60
-50
-20
-6
0
-78
-50
-20
-6
0
1000
50
0
0
0
-90
0
100


1
0
1
0
1
10362
0
0
0
0
100
0
0
26
4096
4096
32767
256
4096
2024
0
0
0
32767
4096
1
5
-60
-50
-20
-6
0
-78
-50
-20
-6
0
1000
50
0
0
0
-90
0
100


1
0
1
0
1
10362
0
0
0
0
100
0
0
26
4096
4096
32767
256
4096
2024
0
0
0
32767
4096
1
5
-60
-50
-20
-6
0
-78
-50
-20
-6
0
1000
50
0
0
0
-90
0
100


1
0
1
0
1
10362
0
0
0
0
100
0
0
26
4096
4096
32767
256
4096
2024
0
0
0
32767
4096
1
5
-60
-50
-20
-6
0
-78
-50
-20
-6
0
1000
50
0
0
0
-90
0
100


1
0
1
0
1
10362
0
0
0
0
100
0
0
26
4096
4096
32767
256
4096
2024
0
0
0
32767
4096
1
5
-60
-50
-20
-6
0
-78
-50
-20
-6
0
1000
50
0
0
0
-90
0
100


0
32
4096
0
0
0
0
0
0
0
0
0
0
0
0
0
0
0
0
0
0
0
0
0
0
0
0
0
0
0
0
0
0
0
0
0
0
0
0
0
0
0
0
0
0
0
0
0
0
0
0
0
0
0
0
0
0
0
0
0
0
0
0
0
0
0
