207
7
3

2
1

1
0
0
240
1
17
1
200
1
63
0
4096
4096
0
128
8192
2048    //1024
96
8192
768    //768
2
767
22000
17000
600
256    //256
256
11000
512
5304
16384
128  //256
512
512
150
16384
16384
1
12000
32
64
64
16613
512
0
2549
14
0
8192
8192
2048
40
2048
1568
40
2048
1568
1
776
32
1024
800
32
1024
800
1
776
1
32767
8192
23062
-11398
-2622
4704
8698
8807
4494
835
481
209
6655
7358
-1669
4806
-598
-880
16
655
1024
16
1638
181
10
16384
10000
16000
5000
128
9830
16384
6554
6554
9830
512
12288
10240
400
230
26213
0
7
16384
256
4096
12055
32442
23170
4096
0
0
0
5
-92
-64
-63
-3
0
-92
-92
-63
-3
0
1000
50
0
0
0        //0
64       //64
981      //4096
2003     //0
1643     //0
-35      //0
-747     //0
-129     //0
449      //0
76       //0
-234     //0
-54      //0
163      //0
-15      //0
-115     //0
28       //0
159      //0
37       //0
-79      //0
-56      //0
21       //0
3        //0
-34      //0
-24      //0
16       //0
5        //0
-33      //0
-41      //0
2        //0
44       //0
52       //0
36       //0
19       //0
0        //0
-15      //0
-19      //0
-12      //0
-5       //0
-5       //0
-4       //0
0        //0
5        //0
6        //0
4        //0
1        //0
0        //0
-2       //0
-3       //0
-3       //0
-2       //0
-1       //0
0        //0
0        //0
0        //0
0        //0
0        //0
0        //0
0        //0
0        //0
0        //0
0        //0
0        //0
0        //0
0        //0
0        //0
0        //0
